-0.08 -0.0846818 -0.0808225 -0.0400239 -0.121105
-0.06 -0.0802497 -0.076323 -0.0329358 -0.11285
-0.04 -0.0752631 -0.0714002 -0.0267344 -0.104454
-0.02 -0.0699235 -0.0660758 -0.0181537 -0.0951923
0 -0.0652081 -0.061274 -0.00934163 -0.0871566
0.02 -0.05474 -0.0509464 0.0167867 0.0739788
0.04 -0.0371393 -0.0343696 0.0352567 0.0600464
0.06 0.0483182 0.0484431 0.0287564 0.0742994
0.08 0.0630898 0.0628889 0.0361923 0.0960203
0.06 0.0581878 0.0579626 0.0304587 0.0874474
0.04 0.0532571 0.0529485 0.0226258 0.0782241
0.02 0.0478425 0.0475172 0.0121226 0.0682842
0 0.0414736 0.0410693 -0.00890263 -0.0587591
-0.02 0.0289787 0.0283973 -0.0282977 -0.0491282
-0.04 0.0182033 0.017163 -0.0411033 -0.0477349
-0.06 -0.0804839 -0.076382 -0.0354763 -0.113697
-0.08 -0.0848944 -0.0810134 -0.038846 -0.120977
