-300 -5.21965 -5.21033 -5.162 -8.99674
-200 -5.33625 -5.33652 -5.27023 -9.20501
-100 -4.97958 -4.98103 -4.90671 -8.5847
0 -4.05308 -4.06748 -3.95295 -6.97959
100 -2.51193 -2.53317 -2.35164 -4.28534
200 -1.03171 -1.06995 -0.852393 -1.73671
300 -0.0536224 -0.103685 0.0548276 0.156548
200 0.336289 0.26886 0.398428 0.550742
100 0.356542 0.290192 0.396243 0.570466
0 0.126136 0.0527443 0.14826 0.165967
-100 -0.410172 -0.492002 -0.387692 -0.796516
-200 -1.46272 -1.54828 -1.40069 -2.59929
-300 -2.73403 -2.82173 -2.6813 -4.80767
