-300 -0.998362 -0.997662 -0.988496 -1.72273
-200 -0.98544 -0.986371 -0.976856 -1.70297
-100 -0.92777 -0.929895 -0.918711 -1.60419
0 -0.823939 -0.827791 -0.812169 -1.42481
100 -0.653571 -0.659945 -0.640835 -1.13213
200 -0.372528 -0.376053 -0.359187 -0.641754
300 0.0921428 0.0903086 0.106483 0.166283
200 0.24583 0.247437 0.245349 0.427371
100 0.254936 0.257535 0.257535 0.446064
0 0.2149 0.217378 0.218159 0.376961
-100 0.127446 0.12972 0.129945 0.224812
-200 -0.0599653 -0.0574023 -0.056011 -0.098627
-300 -0.320856 -0.316495 -0.316177 -0.548002
