-3 -0.372516 -0.374828 -0.265592 -0.5929
-2 -0.364895 -0.366926 -0.257186 -0.57915
-1 -0.351798 -0.353926 -0.243997 -0.556831
0 -0.332312 -0.334669 -0.226563 -0.524726
1 -0.310608 -0.312757 -0.20478 -0.48741
2 -0.284024 -0.285692 -0.179993 -0.442309
3 -0.253301 -0.254799 -0.152017 -0.391093
2 -0.241257 -0.242136 -0.139552 -0.369776
1 -0.237786 -0.239123 -0.137186 -0.364938
0 -0.242953 -0.243932 -0.142678 -0.373313
-1 -0.252636 -0.25393 -0.152146 -0.390011
-2 -0.266635 -0.268215 -0.168484 -0.415048
-3 -0.28655 -0.2875 -0.187068 -0.447557
