-0.03 -0.0780493 -0.0753746 -0.0167488 -0.107904
-0.02 -0.0761984 -0.073409 -0.0191673 -0.105571
-0.01 -0.0734235 -0.0705282 -0.0143295 -0.100766
0 -0.0700596 -0.0672 -0.00758405 -0.0953373
0.01 -0.062148 -0.059515 0.00166681 0.0841835
0.02 -0.0580253 -0.0554716 0.012695 0.0794692
0.03 -0.0532466 -0.0507866 0.0223107 0.0752086
0.02 -0.0580228 -0.0554702 0.0130594 0.0795263
0.01 -0.0621618 -0.0595293 0.00231422 0.084219
0 -0.0702258 -0.0673095 -0.00689576 -0.0954394
-0.01 -0.0734434 -0.0705471 -0.0140115 -0.100748
-0.02 -0.0764727 -0.0735564 -0.0193513 -0.105809
-0.03 -0.0791133 -0.0763096 -0.0233644 -0.110418
