-3 -0.300902 -0.302733 -0.229697 -0.485855
-2.5 -0.297779 -0.299671 -0.226398 -0.480481
-2 -0.292116 -0.293776 -0.221576 -0.470854
-1.5 -0.285732 -0.287645 -0.215008 -0.460117
-1 -0.277804 -0.279511 -0.207317 -0.446356
-0.5 -0.267731 -0.269163 -0.197252 -0.428725
0 -0.256195 -0.258007 -0.187111 -0.410057
0.5 -0.245066 -0.246606 -0.175511 -0.390427
1 -0.22961 -0.230787 -0.16174 -0.364259
1.5 -0.215156 -0.21654 -0.148338 -0.340269
2 -0.198464 -0.199299 -0.133064 -0.311683
2.5 -0.180916 -0.18218 -0.115677 -0.282418
3 -0.162937 -0.163866 -0.0992545 -0.252102
2.5 -0.15034 -0.151876 -0.0895523 -0.232706
2 -0.14348 -0.144818 -0.0832366 -0.221072
1.5 -0.139302 -0.141072 -0.0810028 -0.215323
1 -0.138238 -0.139983 -0.0814215 -0.214056
0.5 -0.140917 -0.142778 -0.0834581 -0.218487
0 -0.143511 -0.144892 -0.08746 -0.222793
-0.5 -0.148976 -0.150654 -0.0929096 -0.232433
-1 -0.156476 -0.158439 -0.10043 -0.245544
-1.5 -0.164617 -0.165829 -0.107962 -0.258174
-2 -0.174551 -0.175897 -0.117384 -0.275061
-2.5 -0.18456 -0.186315 -0.128983 -0.293365
-3 -0.196104 -0.197769 -0.140594 -0.313037
